2	

17	

37	

42	

42	

59	

70	

78	

87	

133	

151	

154	

164	

167	

172	

202	

208	

235	

289	

293	

303	

310	

328	

341	

346	

347	

352	

361	

381	

385	

391	

394	

407	

417	

419	

442	

447	

456	

456	

458	

492	

501	

501	

504	

504	

513	

548	

553	

555	

561	

574	

581	

584	

598	

633	

648	

668	

673	

675	

693	

699	

708	

716	

718	

726	

727	

740	

742	

753	

755	

757	

760	

760	

769	

779	

793	

800	

822	

836	

845	

852	

858	

860	

863	

872	

881	

884	

909	

913	

921	

934	

951	

958	

959	

965	

974	

975	

977	

980	

980	

